# HJD V-C s1 HJD-GJD
# VarAperture: 14.00 CmpAperture: 20.00 JD: heliocentric Unit: magnitude Filter: None    
# VAR Name: CzeV371 RA: 05:47:35.553 Dec: +31:18:04.48 Catalog: UCAC4 CatalogId: 607-023549 CatalogRA: 05:47:35.573 CatalogDec: +31:18:04.83 CatalogMag: 14.93 CatalogB-V: 1.31 CatalogJ-K: 0.77
# CMP0 Name: c133b RA: 05:47:52.137 Dec: +31:15:25.06 Catalog: UCAC4 CatalogId: 607-023626 CatalogRA: 05:47:52.160 CatalogDec: +31:15:25.05 CatalogMag: 12.75 CatalogB-V: 1.33 CatalogJ-K: 0.75
2459528.368787 2.0424 0.0180 0.004446
2459528.369844 2.0075 0.0174 0.004446
2459528.370927 1.9886 0.0171 0.004446
2459528.372007 2.0097 0.0174 0.004446
2459528.373077 1.9916 0.0170 0.004446
2459528.374143 2.0045 0.0171 0.004446
2459528.375211 1.9975 0.0171 0.004446
2459528.376279 1.9932 0.0170 0.004447
2459528.377347 1.9948 0.0169 0.004447
2459528.378416 2.0044 0.0170 0.004447
2459528.379482 1.9895 0.0168 0.004447
2459528.380550 1.9860 0.0169 0.004447
2459528.381618 2.0209 0.0172 0.004447
2459528.382684 1.9998 0.0172 0.004447
2459528.383750 1.9907 0.0170 0.004447
2459528.384816 1.9839 0.0167 0.004447
2459528.385884 1.9995 0.0169 0.004447
2459528.386952 1.9841 0.0169 0.004447
2459528.388018 1.9904 0.0168 0.004447
2459528.389083 2.0167 0.0172 0.004447
2459528.390149 2.0333 0.0173 0.004447
2459528.391215 2.0266 0.0170 0.004448
2459528.392283 2.0201 0.0171 0.004448
2459528.393348 1.9763 0.0166 0.004448
2459528.394415 1.9785 0.0167 0.004448
2459528.395484 1.9869 0.0165 0.004448
2459528.396553 2.0207 0.0168 0.004448
2459528.397615 2.0004 0.0167 0.004448
2459528.398679 2.0128 0.0169 0.004448
2459528.399740 1.9970 0.0166 0.004448
2459528.400807 2.0239 0.0168 0.004448
2459528.401873 2.0156 0.0166 0.004448
2459528.402933 2.0048 0.0166 0.004448
2459528.403993 2.0096 0.0165 0.004448
2459528.405055 1.9946 0.0164 0.004448
2459528.406118 2.0060 0.0166 0.004448
2459528.407177 2.0122 0.0166 0.004449
2459528.408241 2.0022 0.0164 0.004449
2459528.409306 2.0056 0.0164 0.004449
2459528.410366 2.0121 0.0164 0.004449
2459528.411427 2.0172 0.0164 0.004449
2459528.412491 2.0195 0.0164 0.004449
2459528.413554 2.0023 0.0161 0.004449
2459528.414614 2.0230 0.0164 0.004449
2459528.415676 2.0075 0.0162 0.004449
2459528.416737 1.9963 0.0158 0.004449
2459528.417799 2.0098 0.0159 0.004449
2459528.418861 2.0058 0.0158 0.004449
2459528.419921 2.0141 0.0159 0.004449
2459528.420984 2.0216 0.0160 0.004449
2459528.422046 1.9927 0.0157 0.004449
2459528.423110 1.9873 0.0155 0.004450
2459528.424171 2.0071 0.0157 0.004450
2459528.425229 2.0109 0.0158 0.004450
2459528.426292 2.0232 0.0159 0.004450
2459528.427357 1.9971 0.0155 0.004450
2459528.428418 2.0019 0.0156 0.004450
2459528.429477 2.0075 0.0157 0.004450
2459528.430542 2.0060 0.0155 0.004450
2459528.431606 2.0029 0.0154 0.004450
2459528.432665 2.0030 0.0154 0.004450
2459528.433727 2.0229 0.0156 0.004450
2459528.434789 2.0016 0.0153 0.004450
2459528.435848 1.9984 0.0152 0.004450
2459528.436910 1.9915 0.0151 0.004450
2459528.437970 2.0126 0.0153 0.004451
2459528.439031 1.9946 0.0151 0.004451
2459528.440091 2.0015 0.0151 0.004451
2459528.441151 2.0102 0.0150 0.004451
2459528.442211 1.9916 0.0149 0.004451
2459528.443275 2.0097 0.0149 0.004451
2459528.444337 2.0136 0.0149 0.004451
2459528.445395 1.9994 0.0148 0.004451
2459528.446458 1.9894 0.0147 0.004451
2459528.447522 1.9967 0.0146 0.004451
2459528.448581 1.9948 0.0145 0.004451
2459528.449644 1.9928 0.0145 0.004451
2459528.450705 1.9995 0.0145 0.004451
2459528.451766 2.0046 0.0145 0.004451
2459528.452832 2.0023 0.0145 0.004451
2459528.453893 1.9952 0.0144 0.004452
2459528.454953 2.0006 0.0144 0.004452
2459528.456014 2.0136 0.0146 0.004452
2459528.457076 2.0012 0.0144 0.004452
2459528.458136 1.9832 0.0142 0.004452
2459528.459195 1.9886 0.0144 0.004452
2459528.460258 1.9727 0.0142 0.004452
2459528.461317 1.9481 0.0140 0.004452
2459528.462378 1.9283 0.0137 0.004452
2459528.463435 1.9323 0.0137 0.004452
2459528.464495 1.9185 0.0136 0.004452
2459528.465555 1.9326 0.0136 0.004452
2459528.466615 1.9682 0.0139 0.004452
2459528.467677 1.9507 0.0137 0.004452
2459528.468736 1.9638 0.0137 0.004452
2459528.469796 1.9746 0.0138 0.004453
2459528.470855 1.9568 0.0136 0.004453
2459528.471917 1.9540 0.0136 0.004453
2459528.472977 1.9791 0.0138 0.004453
2459528.474034 1.9889 0.0139 0.004453
2459528.475097 1.9867 0.0140 0.004453
2459528.476156 1.9820 0.0139 0.004453
2459528.477217 1.9925 0.0139 0.004453
2459528.478275 2.0042 0.0140 0.004453
2459528.479333 1.9935 0.0140 0.004453
2459528.480393 1.9988 0.0141 0.004453
2459528.481452 1.9816 0.0139 0.004453
2459528.482510 1.9932 0.0140 0.004453
2459528.483567 1.9940 0.0139 0.004453
2459528.484626 1.9892 0.0140 0.004453
2459528.485685 1.9845 0.0140 0.004454
2459528.486744 1.9961 0.0141 0.004454
2459528.487804 2.0074 0.0141 0.004454
2459528.488866 1.9801 0.0139 0.004454
2459528.489924 2.0150 0.0142 0.004454
2459528.490985 2.0045 0.0142 0.004454
2459528.492044 1.9975 0.0141 0.004454
2459528.493104 2.0047 0.0141 0.004454
2459528.494161 1.9866 0.0139 0.004454
2459528.495219 1.9790 0.0138 0.004454
2459528.496280 1.9900 0.0139 0.004454
2459528.497337 1.9962 0.0140 0.004454
2459528.498395 1.9873 0.0138 0.004454
2459528.499453 2.0174 0.0141 0.004454
2459528.500512 2.0076 0.0140 0.004455
2459528.501571 1.9945 0.0139 0.004455
2459528.502628 2.0016 0.0139 0.004455
2459528.503687 1.9890 0.0138 0.004455
2459528.504744 1.9851 0.0138 0.004455
2459528.505803 2.0034 0.0139 0.004455
2459528.506863 2.0074 0.0140 0.004455
2459528.507923 1.9948 0.0139 0.004455
2459528.508982 2.0065 0.0140 0.004455
2459528.510039 2.0004 0.0139 0.004455
2459528.511097 2.0040 0.0141 0.004455
2459528.512158 2.0104 0.0141 0.004455
2459528.513216 1.9956 0.0139 0.004455
2459528.514274 1.9750 0.0138 0.004455
2459528.515333 2.0060 0.0140 0.004455
2459528.516390 2.0004 0.0139 0.004456
2459528.517448 1.9880 0.0138 0.004456
2459528.518507 1.9916 0.0138 0.004456
2459528.519566 2.0037 0.0140 0.004456
2459528.520625 1.9818 0.0138 0.004456
2459528.521685 1.9958 0.0139 0.004456
2459528.522744 1.9991 0.0139 0.004456
2459528.523803 2.0041 0.0140 0.004456
2459528.524861 1.9906 0.0138 0.004456
2459528.525919 2.0166 0.0140 0.004456
2459528.526978 2.0095 0.0140 0.004456
2459528.528035 2.0118 0.0141 0.004456
2459528.529093 1.9865 0.0137 0.004456
2459528.530152 2.0066 0.0139 0.004456
2459528.531211 2.0111 0.0140 0.004456
2459528.532267 2.0130 0.0139 0.004457
2459528.533325 2.0031 0.0138 0.004457
2459528.534384 2.0029 0.0138 0.004457
2459528.535443 1.9830 0.0136 0.004457
2459528.536502 2.0129 0.0139 0.004457
2459528.537561 1.9923 0.0137 0.004457
2459528.538620 2.0040 0.0138 0.004457
2459528.539680 2.0015 0.0137 0.004457
2459528.540739 2.0107 0.0138 0.004457
2459528.541797 2.0195 0.0139 0.004457
2459528.542853 2.0012 0.0137 0.004457
2459528.543913 2.0026 0.0137 0.004457
2459528.544970 1.9959 0.0136 0.004457
2459528.546029 1.9999 0.0136 0.004457
2459528.547089 2.0097 0.0136 0.004457
2459528.548148 2.0151 0.0137 0.004458
2459528.549207 2.0198 0.0136 0.004458
2459528.550264 1.9989 0.0134 0.004458
2459528.551326 1.9944 0.0134 0.004458
2459528.552385 2.0085 0.0135 0.004458
2459528.553441 2.0018 0.0135 0.004458
2459528.554502 1.9887 0.0134 0.004458
2459528.555559 1.9992 0.0135 0.004458
2459528.556616 2.0116 0.0137 0.004458
2459528.557675 2.0177 0.0137 0.004458
2459528.558733 2.0003 0.0135 0.004458
2459528.559792 2.0093 0.0136 0.004458
2459528.560851 1.9969 0.0135 0.004458
2459528.561913 2.0025 0.0135 0.004458
2459528.562970 1.9951 0.0135 0.004458
2459528.564029 2.0069 0.0136 0.004459
2459528.565089 2.0148 0.0136 0.004459
2459528.566148 2.0106 0.0136 0.004459
2459528.567206 2.0262 0.0137 0.004459
2459528.568265 2.0167 0.0137 0.004459
2459528.569324 2.0135 0.0135 0.004459
2459528.570384 2.0112 0.0136 0.004459
2459528.571442 2.0057 0.0136 0.004459
2459528.572500 2.0155 0.0136 0.004459
2459528.573564 2.0156 0.0137 0.004459
2459528.574622 2.0011 0.0135 0.004459
2459528.575684 2.0016 0.0135 0.004459
2459528.576745 2.0026 0.0136 0.004459
2459528.577804 1.9964 0.0136 0.004459
2459528.578862 2.0055 0.0137 0.004460
2459528.579924 2.0006 0.0136 0.004460
2459528.580982 2.0112 0.0137 0.004460
2459528.582040 2.0203 0.0138 0.004460
2459528.583100 2.0039 0.0137 0.004460
2459528.584161 2.0097 0.0137 0.004460
2459528.585221 2.0065 0.0137 0.004460
2459528.586282 2.0286 0.0139 0.004460
2459528.587339 1.9924 0.0135 0.004460
2459528.588399 2.0077 0.0137 0.004460
2459528.589458 2.0473 0.0141 0.004460
2459528.590516 2.0214 0.0138 0.004460
2459528.591576 1.9973 0.0137 0.004460
2459528.592636 2.0026 0.0136 0.004460
2459528.593696 2.0231 0.0139 0.004460
2459528.594756 2.0115 0.0137 0.004461
2459528.595816 2.0094 0.0137 0.004461
2459528.596874 2.0282 0.0140 0.004461
2459528.597935 2.0200 0.0139 0.004461
2459528.598994 2.0209 0.0138 0.004461
2459528.600052 2.0029 0.0137 0.004461
2459528.601115 1.9930 0.0136 0.004461
2459528.602172 2.0026 0.0137 0.004461
2459528.603232 2.0230 0.0139 0.004461
2459528.604290 2.0040 0.0137 0.004461
2459528.605350 2.0250 0.0139 0.004461
2459528.606409 2.0106 0.0138 0.004461
2459528.607470 2.0192 0.0139 0.004461
2459528.608528 2.0097 0.0138 0.004461
2459528.609591 2.0366 0.0142 0.004461
2459528.610652 2.0388 0.0142 0.004462
2459528.611711 2.0506 0.0143 0.004462
2459528.612769 2.0404 0.0142 0.004462
2459528.613830 2.0569 0.0144 0.004462
2459528.614888 2.0673 0.0145 0.004462
2459528.615949 2.0686 0.0146 0.004462
2459528.617010 2.0608 0.0144 0.004462
2459528.618070 2.0664 0.0145 0.004462
2459528.619130 2.0881 0.0148 0.004462
2459528.620190 2.1116 0.0151 0.004462
2459528.621254 2.1132 0.0151 0.004462
2459528.622315 2.1176 0.0151 0.004462
2459528.623376 2.1153 0.0151 0.004462
2459528.624435 2.1460 0.0155 0.004462
2459528.625498 2.1532 0.0156 0.004462
2459528.626558 2.1597 0.0158 0.004463
2459528.627618 2.1739 0.0159 0.004463
2459528.628679 2.1869 0.0161 0.004463
2459528.629738 2.1903 0.0161 0.004463
2459528.630798 2.2295 0.0167 0.004463
2459528.631857 2.2338 0.0167 0.004463
2459528.632920 2.2476 0.0169 0.004463
2459528.633981 2.2642 0.0170 0.004463
2459528.635040 2.2409 0.0168 0.004463
2459528.636102 2.2778 0.0172 0.004463
2459528.637163 2.2910 0.0176 0.004463
2459528.638225 2.3015 0.0176 0.004463
2459528.639283 2.3363 0.0181 0.004463
2459528.640345 2.3344 0.0181 0.004463
2459528.641404 2.3442 0.0182 0.004463
2459528.642461 2.3918 0.0188 0.004464
2459528.643523 2.3996 0.0190 0.004464
2459528.644583 2.3850 0.0190 0.004464
2459528.645643 2.4238 0.0196 0.004464
2459528.646707 2.4331 0.0197 0.004464
2459528.647767 2.4396 0.0199 0.004464
2459528.648830 2.4852 0.0207 0.004464
2459528.649895 2.4498 0.0200 0.004464
2459528.650955 2.4772 0.0206 0.004464
2459528.652017 2.4720 0.0206 0.004464
2459528.653078 2.4660 0.0204 0.004464
2459528.654139 2.4643 0.0204 0.004464
2459528.655200 2.4559 0.0203 0.004464
2459528.656261 2.4550 0.0203 0.004464
2459528.657322 2.4406 0.0202 0.004465
2459528.658384 2.4267 0.0200 0.004465
2459528.659447 2.4460 0.0202 0.004465
2459528.660509 2.4318 0.0199 0.004465
2459528.661567 2.3953 0.0194 0.004465
2459528.662624 2.4132 0.0199 0.004465
2459528.663685 2.3969 0.0195 0.004465
2459528.664745 2.3952 0.0196 0.004465
2459528.665807 2.3868 0.0197 0.004465
2459528.666869 2.3882 0.0198 0.004465
2459528.667928 2.3755 0.0197 0.004465
2459528.668990 2.3613 0.0196 0.004465
2459528.670052 2.3484 0.0194 0.004465
2459528.671111 2.3239 0.0190 0.004465
2459528.672170 2.2992 0.0188 0.004465
2459528.673235 2.3112 0.0190 0.004466
2459528.674293 2.2543 0.0184 0.004466
2459528.675353 2.2569 0.0183 0.004466
2459528.676415 2.2459 0.0181 0.004466
2459528.677476 2.2568 0.0184 0.004466
2459528.678535 2.2184 0.0179 0.004466
2459528.679598 2.2027 0.0177 0.004466
2459528.680657 2.2068 0.0179 0.004466
2459528.681718 2.1815 0.0177 0.004466
2459528.682776 2.1875 0.0181 0.004466
2459528.683839 2.1751 0.0180 0.004466
2459528.684898 2.1412 0.0175 0.004466
2459528.685959 2.1443 0.0177 0.004466
2459528.687019 2.1229 0.0178 0.004466
2459528.688079 2.1167 0.0179 0.004466
2459528.689142 2.0958 0.0180 0.004467
2459528.690202 2.0793 0.0182 0.004467
2459528.691260 2.0755 0.0187 0.004467
2459528.692320 2.0589 0.0189 0.004467
2459528.693380 2.0749 0.0198 0.004467
